x<-2*3+6
x
y<- x^2
y
