x<-2*3+6
x
